(kicad_pcb (version 20171130) (host pcbnew "(5.1.5-0-10_14)")

  (general
    (thickness 1.6)
    (drawings 8)
    (tracks 0)
    (zones 0)
    (modules 24)
    (nets 43)
  )

  (page A4)
  (layers
    (0 F.Cu signal)
    (31 B.Cu signal)
    (32 B.Adhes user)
    (33 F.Adhes user)
    (34 B.Paste user)
    (35 F.Paste user)
    (36 B.SilkS user)
    (37 F.SilkS user)
    (38 B.Mask user)
    (39 F.Mask user)
    (40 Dwgs.User user)
    (41 Cmts.User user)
    (42 Eco1.User user)
    (43 Eco2.User user)
    (44 Edge.Cuts user)
    (45 Margin user)
    (46 B.CrtYd user)
    (47 F.CrtYd user)
    (48 B.Fab user)
    (49 F.Fab user)
  )

  (setup
    (last_trace_width 0.25)
    (trace_clearance 0.2)
    (zone_clearance 0.508)
    (zone_45_only no)
    (trace_min 0.2)
    (via_size 0.8)
    (via_drill 0.4)
    (via_min_size 0.4)
    (via_min_drill 0.3)
    (uvia_size 0.3)
    (uvia_drill 0.1)
    (uvias_allowed no)
    (uvia_min_size 0.2)
    (uvia_min_drill 0.1)
    (edge_width 0.05)
    (segment_width 0.2)
    (pcb_text_width 0.3)
    (pcb_text_size 1.5 1.5)
    (mod_edge_width 0.12)
    (mod_text_size 1 1)
    (mod_text_width 0.15)
    (pad_size 1.524 1.524)
    (pad_drill 0.762)
    (pad_to_mask_clearance 0.051)
    (solder_mask_min_width 0.25)
    (aux_axis_origin 0 0)
    (visible_elements FFFFF77F)
    (pcbplotparams
      (layerselection 0x010fc_ffffffff)
      (usegerberextensions false)
      (usegerberattributes false)
      (usegerberadvancedattributes false)
      (creategerberjobfile false)
      (excludeedgelayer true)
      (linewidth 0.100000)
      (plotframeref false)
      (viasonmask false)
      (mode 1)
      (useauxorigin false)
      (hpglpennumber 1)
      (hpglpenspeed 20)
      (hpglpendiameter 15.000000)
      (psnegative false)
      (psa4output false)
      (plotreference true)
      (plotvalue true)
      (plotinvisibletext false)
      (padsonsilk false)
      (subtractmaskfromsilk false)
      (outputformat 1)
      (mirror false)
      (drillshape 1)
      (scaleselection 1)
      (outputdirectory ""))
  )

  (net 0 "")
  (net 1 +5V)
  (net 2 "Net-(C1-Pad1)")
  (net 3 "Net-(C2-Pad1)")
  (net 4 VCC)
  (net 5 "Net-(C8-Pad1)")
  (net 6 /row0)
  (net 7 "Net-(D1-Pad2)")
  (net 8 "Net-(D2-Pad2)")
  (net 9 /row1)
  (net 10 "Net-(D3-Pad2)")
  (net 11 "Net-(D4-Pad2)")
  (net 12 "Net-(J1-Pad2)")
  (net 13 "Net-(J1-Pad3)")
  (net 14 "Net-(J1-Pad4)")
  (net 15 /col0)
  (net 16 /col1)
  (net 17 "Net-(R1-Pad1)")
  (net 18 "Net-(R2-Pad2)")
  (net 19 "Net-(R3-Pad1)")
  (net 20 "Net-(R4-Pad1)")
  (net 21 "Net-(U1-Pad1)")
  (net 22 "Net-(U1-Pad8)")
  (net 23 "Net-(U1-Pad9)")
  (net 24 "Net-(U1-Pad10)")
  (net 25 "Net-(U1-Pad11)")
  (net 26 "Net-(U1-Pad12)")
  (net 27 "Net-(U1-Pad18)")
  (net 28 "Net-(U1-Pad19)")
  (net 29 "Net-(U1-Pad20)")
  (net 30 "Net-(U1-Pad21)")
  (net 31 "Net-(U1-Pad22)")
  (net 32 "Net-(U1-Pad25)")
  (net 33 "Net-(U1-Pad26)")
  (net 34 "Net-(U1-Pad27)")
  (net 35 "Net-(U1-Pad28)")
  (net 36 "Net-(U1-Pad29)")
  (net 37 "Net-(U1-Pad30)")
  (net 38 "Net-(U1-Pad31)")
  (net 39 "Net-(U1-Pad32)")
  (net 40 "Net-(U1-Pad36)")
  (net 41 "Net-(U1-Pad37)")
  (net 42 "Net-(U1-Pad42)")

  (net_class Default "This is the default net class."
    (clearance 0.2)
    (trace_width 0.25)
    (via_dia 0.8)
    (via_drill 0.4)
    (uvia_dia 0.3)
    (uvia_drill 0.1)
    (add_net +5V)
    (add_net /col0)
    (add_net /col1)
    (add_net /row0)
    (add_net /row1)
    (add_net "Net-(C1-Pad1)")
    (add_net "Net-(C2-Pad1)")
    (add_net "Net-(C8-Pad1)")
    (add_net "Net-(D1-Pad2)")
    (add_net "Net-(D2-Pad2)")
    (add_net "Net-(D3-Pad2)")
    (add_net "Net-(D4-Pad2)")
    (add_net "Net-(J1-Pad2)")
    (add_net "Net-(J1-Pad3)")
    (add_net "Net-(J1-Pad4)")
    (add_net "Net-(R1-Pad1)")
    (add_net "Net-(R2-Pad2)")
    (add_net "Net-(R3-Pad1)")
    (add_net "Net-(R4-Pad1)")
    (add_net "Net-(U1-Pad1)")
    (add_net "Net-(U1-Pad10)")
    (add_net "Net-(U1-Pad11)")
    (add_net "Net-(U1-Pad12)")
    (add_net "Net-(U1-Pad18)")
    (add_net "Net-(U1-Pad19)")
    (add_net "Net-(U1-Pad20)")
    (add_net "Net-(U1-Pad21)")
    (add_net "Net-(U1-Pad22)")
    (add_net "Net-(U1-Pad25)")
    (add_net "Net-(U1-Pad26)")
    (add_net "Net-(U1-Pad27)")
    (add_net "Net-(U1-Pad28)")
    (add_net "Net-(U1-Pad29)")
    (add_net "Net-(U1-Pad30)")
    (add_net "Net-(U1-Pad31)")
    (add_net "Net-(U1-Pad32)")
    (add_net "Net-(U1-Pad36)")
    (add_net "Net-(U1-Pad37)")
    (add_net "Net-(U1-Pad42)")
    (add_net "Net-(U1-Pad8)")
    (add_net "Net-(U1-Pad9)")
    (add_net VCC)
  )

  (module Capacitor_SMD:C_0805_2012Metric_Pad1.15x1.40mm_HandSolder (layer F.Cu) (tedit 5B36C52B) (tstamp 5E517B78)
    (at 169.96875 64.21875 90)
    (descr "Capacitor SMD 0805 (2012 Metric), square (rectangular) end terminal, IPC_7351 nominal with elongated pad for handsoldering. (Body size source: https://docs.google.com/spreadsheets/d/1BsfQQcO9C6DZCsRaXUlFlo91Tg2WpOkGARC1WS5S8t0/edit?usp=sharing), generated with kicad-footprint-generator")
    (tags "capacitor handsolder")
    (path /5E4BA97F)
    (attr smd)
    (fp_text reference C1 (at 2.71875 0 180) (layer F.SilkS)
      (effects (font (size 1 1) (thickness 0.15)))
    )
    (fp_text value 22p (at -2.90625 0 180) (layer F.Fab)
      (effects (font (size 1 1) (thickness 0.15)))
    )
    (fp_text user %R (at 0 0 90) (layer F.Fab)
      (effects (font (size 0.5 0.5) (thickness 0.08)))
    )
    (fp_line (start 1.85 0.95) (end -1.85 0.95) (layer F.CrtYd) (width 0.05))
    (fp_line (start 1.85 -0.95) (end 1.85 0.95) (layer F.CrtYd) (width 0.05))
    (fp_line (start -1.85 -0.95) (end 1.85 -0.95) (layer F.CrtYd) (width 0.05))
    (fp_line (start -1.85 0.95) (end -1.85 -0.95) (layer F.CrtYd) (width 0.05))
    (fp_line (start -0.261252 0.71) (end 0.261252 0.71) (layer F.SilkS) (width 0.12))
    (fp_line (start -0.261252 -0.71) (end 0.261252 -0.71) (layer F.SilkS) (width 0.12))
    (fp_line (start 1 0.6) (end -1 0.6) (layer F.Fab) (width 0.1))
    (fp_line (start 1 -0.6) (end 1 0.6) (layer F.Fab) (width 0.1))
    (fp_line (start -1 -0.6) (end 1 -0.6) (layer F.Fab) (width 0.1))
    (fp_line (start -1 0.6) (end -1 -0.6) (layer F.Fab) (width 0.1))
    (pad 2 smd roundrect (at 1.025 0 90) (size 1.15 1.4) (layers F.Cu F.Paste F.Mask) (roundrect_rratio 0.217391)
      (net 1 +5V))
    (pad 1 smd roundrect (at -1.025 0 90) (size 1.15 1.4) (layers F.Cu F.Paste F.Mask) (roundrect_rratio 0.217391)
      (net 2 "Net-(C1-Pad1)"))
    (model ${KISYS3DMOD}/Capacitor_SMD.3dshapes/C_0805_2012Metric.wrl
      (at (xyz 0 0 0))
      (scale (xyz 1 1 1))
      (rotate (xyz 0 0 0))
    )
  )

  (module Capacitor_SMD:C_0805_2012Metric_Pad1.15x1.40mm_HandSolder (layer F.Cu) (tedit 5B36C52B) (tstamp 5E5184A5)
    (at 181.3125 64.125 270)
    (descr "Capacitor SMD 0805 (2012 Metric), square (rectangular) end terminal, IPC_7351 nominal with elongated pad for handsoldering. (Body size source: https://docs.google.com/spreadsheets/d/1BsfQQcO9C6DZCsRaXUlFlo91Tg2WpOkGARC1WS5S8t0/edit?usp=sharing), generated with kicad-footprint-generator")
    (tags "capacitor handsolder")
    (path /5E4BB3B8)
    (attr smd)
    (fp_text reference C2 (at -2.625 0 180) (layer F.SilkS)
      (effects (font (size 1 1) (thickness 0.15)))
    )
    (fp_text value 22p (at 2.8125 0 180) (layer F.Fab)
      (effects (font (size 1 1) (thickness 0.15)))
    )
    (fp_line (start -1 0.6) (end -1 -0.6) (layer F.Fab) (width 0.1))
    (fp_line (start -1 -0.6) (end 1 -0.6) (layer F.Fab) (width 0.1))
    (fp_line (start 1 -0.6) (end 1 0.6) (layer F.Fab) (width 0.1))
    (fp_line (start 1 0.6) (end -1 0.6) (layer F.Fab) (width 0.1))
    (fp_line (start -0.261252 -0.71) (end 0.261252 -0.71) (layer F.SilkS) (width 0.12))
    (fp_line (start -0.261252 0.71) (end 0.261252 0.71) (layer F.SilkS) (width 0.12))
    (fp_line (start -1.85 0.95) (end -1.85 -0.95) (layer F.CrtYd) (width 0.05))
    (fp_line (start -1.85 -0.95) (end 1.85 -0.95) (layer F.CrtYd) (width 0.05))
    (fp_line (start 1.85 -0.95) (end 1.85 0.95) (layer F.CrtYd) (width 0.05))
    (fp_line (start 1.85 0.95) (end -1.85 0.95) (layer F.CrtYd) (width 0.05))
    (fp_text user %R (at 0 0 90) (layer F.Fab)
      (effects (font (size 0.5 0.5) (thickness 0.08)))
    )
    (pad 1 smd roundrect (at -1.025 0 270) (size 1.15 1.4) (layers F.Cu F.Paste F.Mask) (roundrect_rratio 0.217391)
      (net 3 "Net-(C2-Pad1)"))
    (pad 2 smd roundrect (at 1.025 0 270) (size 1.15 1.4) (layers F.Cu F.Paste F.Mask) (roundrect_rratio 0.217391)
      (net 1 +5V))
    (model ${KISYS3DMOD}/Capacitor_SMD.3dshapes/C_0805_2012Metric.wrl
      (at (xyz 0 0 0))
      (scale (xyz 1 1 1))
      (rotate (xyz 0 0 0))
    )
  )

  (module Capacitor_SMD:C_0805_2012Metric_Pad1.15x1.40mm_HandSolder (layer F.Cu) (tedit 5B36C52B) (tstamp 5E517B9A)
    (at 184.875 79.59375 270)
    (descr "Capacitor SMD 0805 (2012 Metric), square (rectangular) end terminal, IPC_7351 nominal with elongated pad for handsoldering. (Body size source: https://docs.google.com/spreadsheets/d/1BsfQQcO9C6DZCsRaXUlFlo91Tg2WpOkGARC1WS5S8t0/edit?usp=sharing), generated with kicad-footprint-generator")
    (tags "capacitor handsolder")
    (path /5E4C8B0E)
    (attr smd)
    (fp_text reference C3 (at 0 -1.65 90) (layer F.SilkS)
      (effects (font (size 1 1) (thickness 0.15)))
    )
    (fp_text value 0.1u (at 0 1.65 90) (layer F.Fab)
      (effects (font (size 1 1) (thickness 0.15)))
    )
    (fp_line (start -1 0.6) (end -1 -0.6) (layer F.Fab) (width 0.1))
    (fp_line (start -1 -0.6) (end 1 -0.6) (layer F.Fab) (width 0.1))
    (fp_line (start 1 -0.6) (end 1 0.6) (layer F.Fab) (width 0.1))
    (fp_line (start 1 0.6) (end -1 0.6) (layer F.Fab) (width 0.1))
    (fp_line (start -0.261252 -0.71) (end 0.261252 -0.71) (layer F.SilkS) (width 0.12))
    (fp_line (start -0.261252 0.71) (end 0.261252 0.71) (layer F.SilkS) (width 0.12))
    (fp_line (start -1.85 0.95) (end -1.85 -0.95) (layer F.CrtYd) (width 0.05))
    (fp_line (start -1.85 -0.95) (end 1.85 -0.95) (layer F.CrtYd) (width 0.05))
    (fp_line (start 1.85 -0.95) (end 1.85 0.95) (layer F.CrtYd) (width 0.05))
    (fp_line (start 1.85 0.95) (end -1.85 0.95) (layer F.CrtYd) (width 0.05))
    (fp_text user %R (at 0 0 90) (layer F.Fab)
      (effects (font (size 0.5 0.5) (thickness 0.08)))
    )
    (pad 1 smd roundrect (at -1.025 0 270) (size 1.15 1.4) (layers F.Cu F.Paste F.Mask) (roundrect_rratio 0.217391)
      (net 4 VCC))
    (pad 2 smd roundrect (at 1.025 0 270) (size 1.15 1.4) (layers F.Cu F.Paste F.Mask) (roundrect_rratio 0.217391)
      (net 1 +5V))
    (model ${KISYS3DMOD}/Capacitor_SMD.3dshapes/C_0805_2012Metric.wrl
      (at (xyz 0 0 0))
      (scale (xyz 1 1 1))
      (rotate (xyz 0 0 0))
    )
  )

  (module Capacitor_SMD:C_0805_2012Metric_Pad1.15x1.40mm_HandSolder (layer F.Cu) (tedit 5B36C52B) (tstamp 5E517BAB)
    (at 184.875 71.90625 270)
    (descr "Capacitor SMD 0805 (2012 Metric), square (rectangular) end terminal, IPC_7351 nominal with elongated pad for handsoldering. (Body size source: https://docs.google.com/spreadsheets/d/1BsfQQcO9C6DZCsRaXUlFlo91Tg2WpOkGARC1WS5S8t0/edit?usp=sharing), generated with kicad-footprint-generator")
    (tags "capacitor handsolder")
    (path /5E4C92B1)
    (attr smd)
    (fp_text reference C4 (at 0 -1.65 90) (layer F.SilkS)
      (effects (font (size 1 1) (thickness 0.15)))
    )
    (fp_text value 0.1u (at 0 1.65 90) (layer F.Fab)
      (effects (font (size 1 1) (thickness 0.15)))
    )
    (fp_text user %R (at 0 0 90) (layer F.Fab)
      (effects (font (size 0.5 0.5) (thickness 0.08)))
    )
    (fp_line (start 1.85 0.95) (end -1.85 0.95) (layer F.CrtYd) (width 0.05))
    (fp_line (start 1.85 -0.95) (end 1.85 0.95) (layer F.CrtYd) (width 0.05))
    (fp_line (start -1.85 -0.95) (end 1.85 -0.95) (layer F.CrtYd) (width 0.05))
    (fp_line (start -1.85 0.95) (end -1.85 -0.95) (layer F.CrtYd) (width 0.05))
    (fp_line (start -0.261252 0.71) (end 0.261252 0.71) (layer F.SilkS) (width 0.12))
    (fp_line (start -0.261252 -0.71) (end 0.261252 -0.71) (layer F.SilkS) (width 0.12))
    (fp_line (start 1 0.6) (end -1 0.6) (layer F.Fab) (width 0.1))
    (fp_line (start 1 -0.6) (end 1 0.6) (layer F.Fab) (width 0.1))
    (fp_line (start -1 -0.6) (end 1 -0.6) (layer F.Fab) (width 0.1))
    (fp_line (start -1 0.6) (end -1 -0.6) (layer F.Fab) (width 0.1))
    (pad 2 smd roundrect (at 1.025 0 270) (size 1.15 1.4) (layers F.Cu F.Paste F.Mask) (roundrect_rratio 0.217391)
      (net 1 +5V))
    (pad 1 smd roundrect (at -1.025 0 270) (size 1.15 1.4) (layers F.Cu F.Paste F.Mask) (roundrect_rratio 0.217391)
      (net 4 VCC))
    (model ${KISYS3DMOD}/Capacitor_SMD.3dshapes/C_0805_2012Metric.wrl
      (at (xyz 0 0 0))
      (scale (xyz 1 1 1))
      (rotate (xyz 0 0 0))
    )
  )

  (module Capacitor_SMD:C_0805_2012Metric_Pad1.15x1.40mm_HandSolder (layer F.Cu) (tedit 5B36C52B) (tstamp 5E517BBC)
    (at 165.375 71.90625 90)
    (descr "Capacitor SMD 0805 (2012 Metric), square (rectangular) end terminal, IPC_7351 nominal with elongated pad for handsoldering. (Body size source: https://docs.google.com/spreadsheets/d/1BsfQQcO9C6DZCsRaXUlFlo91Tg2WpOkGARC1WS5S8t0/edit?usp=sharing), generated with kicad-footprint-generator")
    (tags "capacitor handsolder")
    (path /5E4C9849)
    (attr smd)
    (fp_text reference C5 (at 0 -1.65 90) (layer F.SilkS)
      (effects (font (size 1 1) (thickness 0.15)))
    )
    (fp_text value 0.1u (at 0 1.65 90) (layer F.Fab)
      (effects (font (size 1 1) (thickness 0.15)))
    )
    (fp_line (start -1 0.6) (end -1 -0.6) (layer F.Fab) (width 0.1))
    (fp_line (start -1 -0.6) (end 1 -0.6) (layer F.Fab) (width 0.1))
    (fp_line (start 1 -0.6) (end 1 0.6) (layer F.Fab) (width 0.1))
    (fp_line (start 1 0.6) (end -1 0.6) (layer F.Fab) (width 0.1))
    (fp_line (start -0.261252 -0.71) (end 0.261252 -0.71) (layer F.SilkS) (width 0.12))
    (fp_line (start -0.261252 0.71) (end 0.261252 0.71) (layer F.SilkS) (width 0.12))
    (fp_line (start -1.85 0.95) (end -1.85 -0.95) (layer F.CrtYd) (width 0.05))
    (fp_line (start -1.85 -0.95) (end 1.85 -0.95) (layer F.CrtYd) (width 0.05))
    (fp_line (start 1.85 -0.95) (end 1.85 0.95) (layer F.CrtYd) (width 0.05))
    (fp_line (start 1.85 0.95) (end -1.85 0.95) (layer F.CrtYd) (width 0.05))
    (fp_text user %R (at 0 0 90) (layer F.Fab)
      (effects (font (size 0.5 0.5) (thickness 0.08)))
    )
    (pad 1 smd roundrect (at -1.025 0 90) (size 1.15 1.4) (layers F.Cu F.Paste F.Mask) (roundrect_rratio 0.217391)
      (net 4 VCC))
    (pad 2 smd roundrect (at 1.025 0 90) (size 1.15 1.4) (layers F.Cu F.Paste F.Mask) (roundrect_rratio 0.217391)
      (net 1 +5V))
    (model ${KISYS3DMOD}/Capacitor_SMD.3dshapes/C_0805_2012Metric.wrl
      (at (xyz 0 0 0))
      (scale (xyz 1 1 1))
      (rotate (xyz 0 0 0))
    )
  )

  (module Capacitor_SMD:C_0805_2012Metric_Pad1.15x1.40mm_HandSolder (layer F.Cu) (tedit 5B36C52B) (tstamp 5E517BCD)
    (at 165.375 63.46875 90)
    (descr "Capacitor SMD 0805 (2012 Metric), square (rectangular) end terminal, IPC_7351 nominal with elongated pad for handsoldering. (Body size source: https://docs.google.com/spreadsheets/d/1BsfQQcO9C6DZCsRaXUlFlo91Tg2WpOkGARC1WS5S8t0/edit?usp=sharing), generated with kicad-footprint-generator")
    (tags "capacitor handsolder")
    (path /5E4C9C15)
    (attr smd)
    (fp_text reference C6 (at 0 -1.65 90) (layer F.SilkS)
      (effects (font (size 1 1) (thickness 0.15)))
    )
    (fp_text value 0.1u (at 0 1.65 90) (layer F.Fab)
      (effects (font (size 1 1) (thickness 0.15)))
    )
    (fp_text user %R (at 0 0 90) (layer F.Fab)
      (effects (font (size 0.5 0.5) (thickness 0.08)))
    )
    (fp_line (start 1.85 0.95) (end -1.85 0.95) (layer F.CrtYd) (width 0.05))
    (fp_line (start 1.85 -0.95) (end 1.85 0.95) (layer F.CrtYd) (width 0.05))
    (fp_line (start -1.85 -0.95) (end 1.85 -0.95) (layer F.CrtYd) (width 0.05))
    (fp_line (start -1.85 0.95) (end -1.85 -0.95) (layer F.CrtYd) (width 0.05))
    (fp_line (start -0.261252 0.71) (end 0.261252 0.71) (layer F.SilkS) (width 0.12))
    (fp_line (start -0.261252 -0.71) (end 0.261252 -0.71) (layer F.SilkS) (width 0.12))
    (fp_line (start 1 0.6) (end -1 0.6) (layer F.Fab) (width 0.1))
    (fp_line (start 1 -0.6) (end 1 0.6) (layer F.Fab) (width 0.1))
    (fp_line (start -1 -0.6) (end 1 -0.6) (layer F.Fab) (width 0.1))
    (fp_line (start -1 0.6) (end -1 -0.6) (layer F.Fab) (width 0.1))
    (pad 2 smd roundrect (at 1.025 0 90) (size 1.15 1.4) (layers F.Cu F.Paste F.Mask) (roundrect_rratio 0.217391)
      (net 1 +5V))
    (pad 1 smd roundrect (at -1.025 0 90) (size 1.15 1.4) (layers F.Cu F.Paste F.Mask) (roundrect_rratio 0.217391)
      (net 4 VCC))
    (model ${KISYS3DMOD}/Capacitor_SMD.3dshapes/C_0805_2012Metric.wrl
      (at (xyz 0 0 0))
      (scale (xyz 1 1 1))
      (rotate (xyz 0 0 0))
    )
  )

  (module Capacitor_SMD:C_0805_2012Metric_Pad1.15x1.40mm_HandSolder (layer F.Cu) (tedit 5B36C52B) (tstamp 5E517BDE)
    (at 165.375 79.55 90)
    (descr "Capacitor SMD 0805 (2012 Metric), square (rectangular) end terminal, IPC_7351 nominal with elongated pad for handsoldering. (Body size source: https://docs.google.com/spreadsheets/d/1BsfQQcO9C6DZCsRaXUlFlo91Tg2WpOkGARC1WS5S8t0/edit?usp=sharing), generated with kicad-footprint-generator")
    (tags "capacitor handsolder")
    (path /5E4CA123)
    (attr smd)
    (fp_text reference C7 (at 0 -1.65 90) (layer F.SilkS)
      (effects (font (size 1 1) (thickness 0.15)))
    )
    (fp_text value 4.7u (at 0 1.65 90) (layer F.Fab)
      (effects (font (size 1 1) (thickness 0.15)))
    )
    (fp_line (start -1 0.6) (end -1 -0.6) (layer F.Fab) (width 0.1))
    (fp_line (start -1 -0.6) (end 1 -0.6) (layer F.Fab) (width 0.1))
    (fp_line (start 1 -0.6) (end 1 0.6) (layer F.Fab) (width 0.1))
    (fp_line (start 1 0.6) (end -1 0.6) (layer F.Fab) (width 0.1))
    (fp_line (start -0.261252 -0.71) (end 0.261252 -0.71) (layer F.SilkS) (width 0.12))
    (fp_line (start -0.261252 0.71) (end 0.261252 0.71) (layer F.SilkS) (width 0.12))
    (fp_line (start -1.85 0.95) (end -1.85 -0.95) (layer F.CrtYd) (width 0.05))
    (fp_line (start -1.85 -0.95) (end 1.85 -0.95) (layer F.CrtYd) (width 0.05))
    (fp_line (start 1.85 -0.95) (end 1.85 0.95) (layer F.CrtYd) (width 0.05))
    (fp_line (start 1.85 0.95) (end -1.85 0.95) (layer F.CrtYd) (width 0.05))
    (fp_text user %R (at 0 0 90) (layer F.Fab)
      (effects (font (size 0.5 0.5) (thickness 0.08)))
    )
    (pad 1 smd roundrect (at -1.025 0 90) (size 1.15 1.4) (layers F.Cu F.Paste F.Mask) (roundrect_rratio 0.217391)
      (net 4 VCC))
    (pad 2 smd roundrect (at 1.025 0 90) (size 1.15 1.4) (layers F.Cu F.Paste F.Mask) (roundrect_rratio 0.217391)
      (net 1 +5V))
    (model ${KISYS3DMOD}/Capacitor_SMD.3dshapes/C_0805_2012Metric.wrl
      (at (xyz 0 0 0))
      (scale (xyz 1 1 1))
      (rotate (xyz 0 0 0))
    )
  )

  (module Capacitor_SMD:C_0805_2012Metric_Pad1.15x1.40mm_HandSolder (layer F.Cu) (tedit 5B36C52B) (tstamp 5E517BEF)
    (at 165.375 75.725 90)
    (descr "Capacitor SMD 0805 (2012 Metric), square (rectangular) end terminal, IPC_7351 nominal with elongated pad for handsoldering. (Body size source: https://docs.google.com/spreadsheets/d/1BsfQQcO9C6DZCsRaXUlFlo91Tg2WpOkGARC1WS5S8t0/edit?usp=sharing), generated with kicad-footprint-generator")
    (tags "capacitor handsolder")
    (path /5E4E082B)
    (attr smd)
    (fp_text reference C8 (at 0 -1.65 90) (layer F.SilkS)
      (effects (font (size 1 1) (thickness 0.15)))
    )
    (fp_text value 1u (at 0 1.65 90) (layer F.Fab)
      (effects (font (size 1 1) (thickness 0.15)))
    )
    (fp_text user %R (at 0 0 90) (layer F.Fab)
      (effects (font (size 0.5 0.5) (thickness 0.08)))
    )
    (fp_line (start 1.85 0.95) (end -1.85 0.95) (layer F.CrtYd) (width 0.05))
    (fp_line (start 1.85 -0.95) (end 1.85 0.95) (layer F.CrtYd) (width 0.05))
    (fp_line (start -1.85 -0.95) (end 1.85 -0.95) (layer F.CrtYd) (width 0.05))
    (fp_line (start -1.85 0.95) (end -1.85 -0.95) (layer F.CrtYd) (width 0.05))
    (fp_line (start -0.261252 0.71) (end 0.261252 0.71) (layer F.SilkS) (width 0.12))
    (fp_line (start -0.261252 -0.71) (end 0.261252 -0.71) (layer F.SilkS) (width 0.12))
    (fp_line (start 1 0.6) (end -1 0.6) (layer F.Fab) (width 0.1))
    (fp_line (start 1 -0.6) (end 1 0.6) (layer F.Fab) (width 0.1))
    (fp_line (start -1 -0.6) (end 1 -0.6) (layer F.Fab) (width 0.1))
    (fp_line (start -1 0.6) (end -1 -0.6) (layer F.Fab) (width 0.1))
    (pad 2 smd roundrect (at 1.025 0 90) (size 1.15 1.4) (layers F.Cu F.Paste F.Mask) (roundrect_rratio 0.217391)
      (net 1 +5V))
    (pad 1 smd roundrect (at -1.025 0 90) (size 1.15 1.4) (layers F.Cu F.Paste F.Mask) (roundrect_rratio 0.217391)
      (net 5 "Net-(C8-Pad1)"))
    (model ${KISYS3DMOD}/Capacitor_SMD.3dshapes/C_0805_2012Metric.wrl
      (at (xyz 0 0 0))
      (scale (xyz 1 1 1))
      (rotate (xyz 0 0 0))
    )
  )

  (module keyboard_parts.pretty:D_axial (layer F.Cu) (tedit 561B6A3D) (tstamp 5E517BFE)
    (at 134.3875 69.075)
    (path /5E4CD392)
    (fp_text reference D1 (at 0 0.1875) (layer F.SilkS)
      (effects (font (size 0.8 0.8) (thickness 0.15)))
    )
    (fp_text value D (at 0 -1.925) (layer F.SilkS) hide
      (effects (font (size 0.8 0.8) (thickness 0.15)))
    )
    (fp_line (start -2.075 -1.2) (end -2.075 1.2) (layer F.SilkS) (width 0.2))
    (fp_line (start -2.175 -1.2) (end -2.175 1.2) (layer F.SilkS) (width 0.2))
    (fp_line (start -2.275 -1.2) (end -2.275 1.2) (layer F.SilkS) (width 0.2))
    (fp_line (start -2.45 -1.2) (end -2.45 1.2) (layer F.SilkS) (width 0.2))
    (fp_line (start -2.625 -1.2) (end -2.625 1.2) (layer F.SilkS) (width 0.2))
    (fp_line (start -2.8 -1.2) (end -2.8 1.2) (layer F.SilkS) (width 0.2))
    (fp_line (start -2.8 -1.2) (end 2.8 -1.2) (layer F.SilkS) (width 0.2))
    (fp_line (start 2.8 -1.2) (end 2.8 1.2) (layer F.SilkS) (width 0.2))
    (fp_line (start 2.8 1.2) (end -2.8 1.2) (layer F.SilkS) (width 0.2))
    (pad 1 thru_hole rect (at -3.9 0) (size 1.6 1.6) (drill 0.7) (layers *.Cu *.Mask F.SilkS)
      (net 6 /row0))
    (pad 2 thru_hole circle (at 3.9 0) (size 1.6 1.6) (drill 0.7) (layers *.Cu *.Mask F.SilkS)
      (net 7 "Net-(D1-Pad2)"))
  )

  (module keyboard_parts.pretty:D_axial (layer F.Cu) (tedit 561B6A3D) (tstamp 5E51939B)
    (at 134.3875 88.0125)
    (path /5E4D2336)
    (fp_text reference D2 (at 0 0) (layer F.SilkS)
      (effects (font (size 0.8 0.8) (thickness 0.15)))
    )
    (fp_text value D (at 0 -1.925) (layer F.SilkS) hide
      (effects (font (size 0.8 0.8) (thickness 0.15)))
    )
    (fp_line (start 2.8 1.2) (end -2.8 1.2) (layer F.SilkS) (width 0.2))
    (fp_line (start 2.8 -1.2) (end 2.8 1.2) (layer F.SilkS) (width 0.2))
    (fp_line (start -2.8 -1.2) (end 2.8 -1.2) (layer F.SilkS) (width 0.2))
    (fp_line (start -2.8 -1.2) (end -2.8 1.2) (layer F.SilkS) (width 0.2))
    (fp_line (start -2.625 -1.2) (end -2.625 1.2) (layer F.SilkS) (width 0.2))
    (fp_line (start -2.45 -1.2) (end -2.45 1.2) (layer F.SilkS) (width 0.2))
    (fp_line (start -2.275 -1.2) (end -2.275 1.2) (layer F.SilkS) (width 0.2))
    (fp_line (start -2.175 -1.2) (end -2.175 1.2) (layer F.SilkS) (width 0.2))
    (fp_line (start -2.075 -1.2) (end -2.075 1.2) (layer F.SilkS) (width 0.2))
    (pad 2 thru_hole circle (at 3.9 0) (size 1.6 1.6) (drill 0.7) (layers *.Cu *.Mask F.SilkS)
      (net 8 "Net-(D2-Pad2)"))
    (pad 1 thru_hole rect (at -3.9 0) (size 1.6 1.6) (drill 0.7) (layers *.Cu *.Mask F.SilkS)
      (net 6 /row0))
  )

  (module keyboard_parts.pretty:D_axial (layer F.Cu) (tedit 561B6A3D) (tstamp 5E517C1C)
    (at 153.41875 69.075)
    (path /5E4D36FA)
    (fp_text reference D3 (at 0 0) (layer F.SilkS)
      (effects (font (size 0.8 0.8) (thickness 0.15)))
    )
    (fp_text value D (at 0 -1.925) (layer F.SilkS) hide
      (effects (font (size 0.8 0.8) (thickness 0.15)))
    )
    (fp_line (start -2.075 -1.2) (end -2.075 1.2) (layer F.SilkS) (width 0.2))
    (fp_line (start -2.175 -1.2) (end -2.175 1.2) (layer F.SilkS) (width 0.2))
    (fp_line (start -2.275 -1.2) (end -2.275 1.2) (layer F.SilkS) (width 0.2))
    (fp_line (start -2.45 -1.2) (end -2.45 1.2) (layer F.SilkS) (width 0.2))
    (fp_line (start -2.625 -1.2) (end -2.625 1.2) (layer F.SilkS) (width 0.2))
    (fp_line (start -2.8 -1.2) (end -2.8 1.2) (layer F.SilkS) (width 0.2))
    (fp_line (start -2.8 -1.2) (end 2.8 -1.2) (layer F.SilkS) (width 0.2))
    (fp_line (start 2.8 -1.2) (end 2.8 1.2) (layer F.SilkS) (width 0.2))
    (fp_line (start 2.8 1.2) (end -2.8 1.2) (layer F.SilkS) (width 0.2))
    (pad 1 thru_hole rect (at -3.9 0) (size 1.6 1.6) (drill 0.7) (layers *.Cu *.Mask F.SilkS)
      (net 9 /row1))
    (pad 2 thru_hole circle (at 3.9 0) (size 1.6 1.6) (drill 0.7) (layers *.Cu *.Mask F.SilkS)
      (net 10 "Net-(D3-Pad2)"))
  )

  (module keyboard_parts.pretty:D_axial (layer F.Cu) (tedit 561B6A3D) (tstamp 5E517C2B)
    (at 153.41875 88.0125)
    (path /5E4D4E94)
    (fp_text reference D4 (at 0.09375 0) (layer F.SilkS)
      (effects (font (size 0.8 0.8) (thickness 0.15)))
    )
    (fp_text value D (at 0 -1.925) (layer F.SilkS) hide
      (effects (font (size 0.8 0.8) (thickness 0.15)))
    )
    (fp_line (start 2.8 1.2) (end -2.8 1.2) (layer F.SilkS) (width 0.2))
    (fp_line (start 2.8 -1.2) (end 2.8 1.2) (layer F.SilkS) (width 0.2))
    (fp_line (start -2.8 -1.2) (end 2.8 -1.2) (layer F.SilkS) (width 0.2))
    (fp_line (start -2.8 -1.2) (end -2.8 1.2) (layer F.SilkS) (width 0.2))
    (fp_line (start -2.625 -1.2) (end -2.625 1.2) (layer F.SilkS) (width 0.2))
    (fp_line (start -2.45 -1.2) (end -2.45 1.2) (layer F.SilkS) (width 0.2))
    (fp_line (start -2.275 -1.2) (end -2.275 1.2) (layer F.SilkS) (width 0.2))
    (fp_line (start -2.175 -1.2) (end -2.175 1.2) (layer F.SilkS) (width 0.2))
    (fp_line (start -2.075 -1.2) (end -2.075 1.2) (layer F.SilkS) (width 0.2))
    (pad 2 thru_hole circle (at 3.9 0) (size 1.6 1.6) (drill 0.7) (layers *.Cu *.Mask F.SilkS)
      (net 11 "Net-(D4-Pad2)"))
    (pad 1 thru_hole rect (at -3.9 0) (size 1.6 1.6) (drill 0.7) (layers *.Cu *.Mask F.SilkS)
      (net 9 /row1))
  )

  (module keyboard_parts.pretty:USB_miniB_hirose_5S8 (layer F.Cu) (tedit 5950B1FC) (tstamp 5E517C40)
    (at 143.9 61.7 180)
    (descr "USB miniB hirose UX60SC-MB-5S8")
    (tags "USB miniB hirose through hole UX60SC-MB-5S8")
    (path /5E4D8FE8)
    (fp_text reference J1 (at 0 2.45) (layer F.SilkS) hide
      (effects (font (size 0.8128 0.8128) (thickness 0.2032)))
    )
    (fp_text value USB_mini_micro_B (at 0 7.95) (layer Dwgs.User) hide
      (effects (font (size 1.524 1.524) (thickness 0.3048)))
    )
    (fp_line (start 3.85 -0.4) (end 3.85 6.1) (layer F.SilkS) (width 0.2))
    (fp_line (start -3.85 -0.4) (end -3.85 6.1) (layer F.SilkS) (width 0.2))
    (fp_line (start -3.85 -0.4) (end 3.85 -0.4) (layer F.SilkS) (width 0.2))
    (fp_line (start -1 6.1) (end 1 6.1) (layer Dwgs.User) (width 0.2))
    (fp_line (start -3.85 6.6) (end -3.85 5.7) (layer Dwgs.User) (width 0.2))
    (fp_line (start 3.85 6.6) (end 3.85 5.7) (layer Dwgs.User) (width 0.2))
    (fp_text user "PCB edge" (at -0.05 5.35) (layer Dwgs.User) hide
      (effects (font (size 0.5 0.5) (thickness 0.125)))
    )
    (fp_line (start -3.85 6.6) (end 3.85 6.6) (layer Dwgs.User) (width 0.2))
    (pad 6 smd rect (at 2.675 5.2 180) (size 2.35 0.8) (layers F.Cu F.Paste F.Mask)
      (net 1 +5V))
    (pad 6 smd rect (at -2.675 5.2 180) (size 2.35 0.8) (layers F.Cu F.Paste F.Mask)
      (net 1 +5V))
    (pad 1 smd rect (at -1.6 0 180) (size 0.5 1.4) (layers F.Cu F.Paste F.Mask)
      (net 4 VCC))
    (pad 2 smd rect (at -0.8 0 180) (size 0.5 1.4) (layers F.Cu F.Paste F.Mask)
      (net 12 "Net-(J1-Pad2)"))
    (pad 3 smd rect (at 0 0 180) (size 0.5 1.4) (layers F.Cu F.Paste F.Mask)
      (net 13 "Net-(J1-Pad3)"))
    (pad 4 smd rect (at 0.8 0 180) (size 0.5 1.4) (layers F.Cu F.Paste F.Mask)
      (net 14 "Net-(J1-Pad4)"))
    (pad 5 smd rect (at 1.6 0 180) (size 0.5 1.4) (layers F.Cu F.Paste F.Mask)
      (net 1 +5V))
    (pad 6 thru_hole oval (at -3.65 2.4 180) (size 1.5 4) (drill oval 0.7 3.2) (layers *.Cu *.Mask F.Paste)
      (net 1 +5V))
    (pad 6 thru_hole oval (at 3.65 2.4 180) (size 1.5 4) (drill oval 0.7 3.2) (layers *.Cu *.Mask F.Paste)
      (net 1 +5V))
  )

  (module keebs.pretty:Mx_Alps_100 locked (layer F.Cu) (tedit 58057B75) (tstamp 5E517C65)
    (at 134.392951 65.049201)
    (descr MXALPS)
    (tags MXALPS)
    (path /5E4CBD46)
    (fp_text reference K1 (at -0.005451 -3.286701) (layer B.SilkS)
      (effects (font (size 1 1) (thickness 0.2)) (justify mirror))
    )
    (fp_text value KEYSW (at 5.334 10.922) (layer B.SilkS) hide
      (effects (font (size 1.524 1.524) (thickness 0.3048)) (justify mirror))
    )
    (fp_line (start -6.35 -6.35) (end 6.35 -6.35) (layer Cmts.User) (width 0.1524))
    (fp_line (start 6.35 -6.35) (end 6.35 6.35) (layer Cmts.User) (width 0.1524))
    (fp_line (start 6.35 6.35) (end -6.35 6.35) (layer Cmts.User) (width 0.1524))
    (fp_line (start -6.35 6.35) (end -6.35 -6.35) (layer Cmts.User) (width 0.1524))
    (fp_line (start -9.398 -9.398) (end 9.398 -9.398) (layer Dwgs.User) (width 0.1524))
    (fp_line (start 9.398 -9.398) (end 9.398 9.398) (layer Dwgs.User) (width 0.1524))
    (fp_line (start 9.398 9.398) (end -9.398 9.398) (layer Dwgs.User) (width 0.1524))
    (fp_line (start -9.398 9.398) (end -9.398 -9.398) (layer Dwgs.User) (width 0.1524))
    (fp_line (start -6.35 -6.35) (end -4.572 -6.35) (layer F.SilkS) (width 0.381))
    (fp_line (start 4.572 -6.35) (end 6.35 -6.35) (layer F.SilkS) (width 0.381))
    (fp_line (start 6.35 -6.35) (end 6.35 -4.572) (layer F.SilkS) (width 0.381))
    (fp_line (start 6.35 4.572) (end 6.35 6.35) (layer F.SilkS) (width 0.381))
    (fp_line (start 6.35 6.35) (end 4.572 6.35) (layer F.SilkS) (width 0.381))
    (fp_line (start -4.572 6.35) (end -6.35 6.35) (layer F.SilkS) (width 0.381))
    (fp_line (start -6.35 6.35) (end -6.35 4.572) (layer F.SilkS) (width 0.381))
    (fp_line (start -6.35 -4.572) (end -6.35 -6.35) (layer F.SilkS) (width 0.381))
    (fp_line (start -6.985 -6.985) (end 6.985 -6.985) (layer Eco2.User) (width 0.1524))
    (fp_line (start 6.985 -6.985) (end 6.985 6.985) (layer Eco2.User) (width 0.1524))
    (fp_line (start 6.985 6.985) (end -6.985 6.985) (layer Eco2.User) (width 0.1524))
    (fp_line (start -6.985 6.985) (end -6.985 -6.985) (layer Eco2.User) (width 0.1524))
    (fp_line (start -7.75 6.4) (end -7.75 -6.4) (layer Dwgs.User) (width 0.3))
    (fp_line (start -7.75 6.4) (end 7.75 6.4) (layer Dwgs.User) (width 0.3))
    (fp_line (start 7.75 6.4) (end 7.75 -6.4) (layer Dwgs.User) (width 0.3))
    (fp_line (start 7.75 -6.4) (end -7.75 -6.4) (layer Dwgs.User) (width 0.3))
    (fp_line (start -7.62 -7.62) (end 7.62 -7.62) (layer Dwgs.User) (width 0.3))
    (fp_line (start 7.62 -7.62) (end 7.62 7.62) (layer Dwgs.User) (width 0.3))
    (fp_line (start 7.62 7.62) (end -7.62 7.62) (layer Dwgs.User) (width 0.3))
    (fp_line (start -7.62 7.62) (end -7.62 -7.62) (layer Dwgs.User) (width 0.3))
    (pad HOLE np_thru_hole circle (at 0 0) (size 3.9878 3.9878) (drill 3.9878) (layers *.Cu))
    (pad HOLE np_thru_hole circle (at -5.08 0) (size 1.7018 1.7018) (drill 1.7018) (layers *.Cu))
    (pad HOLE np_thru_hole circle (at 5.08 0) (size 1.7018 1.7018) (drill 1.7018) (layers *.Cu))
    (pad 1 thru_hole oval (at -3.255 -3.52 327.5) (size 2.5 4.75) (drill oval 1.5 3.75) (layers *.Cu *.Mask F.SilkS)
      (net 15 /col0))
    (pad 2 thru_hole oval (at 2.52 -4.79 356.1) (size 2.5 3.08) (drill oval 1.5 2.08) (layers *.Cu *.Mask F.SilkS)
      (net 7 "Net-(D1-Pad2)"))
  )

  (module keebs.pretty:Mx_Alps_100 locked (layer F.Cu) (tedit 58057B75) (tstamp 5E517C8A)
    (at 134.3875 84.075)
    (descr MXALPS)
    (tags MXALPS)
    (path /5E4D2330)
    (fp_text reference K2 (at 0 -3.09375) (layer B.SilkS)
      (effects (font (size 1 1) (thickness 0.2)) (justify mirror))
    )
    (fp_text value KEYSW (at 5.334 10.922) (layer B.SilkS) hide
      (effects (font (size 1.524 1.524) (thickness 0.3048)) (justify mirror))
    )
    (fp_line (start -7.62 7.62) (end -7.62 -7.62) (layer Dwgs.User) (width 0.3))
    (fp_line (start 7.62 7.62) (end -7.62 7.62) (layer Dwgs.User) (width 0.3))
    (fp_line (start 7.62 -7.62) (end 7.62 7.62) (layer Dwgs.User) (width 0.3))
    (fp_line (start -7.62 -7.62) (end 7.62 -7.62) (layer Dwgs.User) (width 0.3))
    (fp_line (start 7.75 -6.4) (end -7.75 -6.4) (layer Dwgs.User) (width 0.3))
    (fp_line (start 7.75 6.4) (end 7.75 -6.4) (layer Dwgs.User) (width 0.3))
    (fp_line (start -7.75 6.4) (end 7.75 6.4) (layer Dwgs.User) (width 0.3))
    (fp_line (start -7.75 6.4) (end -7.75 -6.4) (layer Dwgs.User) (width 0.3))
    (fp_line (start -6.985 6.985) (end -6.985 -6.985) (layer Eco2.User) (width 0.1524))
    (fp_line (start 6.985 6.985) (end -6.985 6.985) (layer Eco2.User) (width 0.1524))
    (fp_line (start 6.985 -6.985) (end 6.985 6.985) (layer Eco2.User) (width 0.1524))
    (fp_line (start -6.985 -6.985) (end 6.985 -6.985) (layer Eco2.User) (width 0.1524))
    (fp_line (start -6.35 -4.572) (end -6.35 -6.35) (layer F.SilkS) (width 0.381))
    (fp_line (start -6.35 6.35) (end -6.35 4.572) (layer F.SilkS) (width 0.381))
    (fp_line (start -4.572 6.35) (end -6.35 6.35) (layer F.SilkS) (width 0.381))
    (fp_line (start 6.35 6.35) (end 4.572 6.35) (layer F.SilkS) (width 0.381))
    (fp_line (start 6.35 4.572) (end 6.35 6.35) (layer F.SilkS) (width 0.381))
    (fp_line (start 6.35 -6.35) (end 6.35 -4.572) (layer F.SilkS) (width 0.381))
    (fp_line (start 4.572 -6.35) (end 6.35 -6.35) (layer F.SilkS) (width 0.381))
    (fp_line (start -6.35 -6.35) (end -4.572 -6.35) (layer F.SilkS) (width 0.381))
    (fp_line (start -9.398 9.398) (end -9.398 -9.398) (layer Dwgs.User) (width 0.1524))
    (fp_line (start 9.398 9.398) (end -9.398 9.398) (layer Dwgs.User) (width 0.1524))
    (fp_line (start 9.398 -9.398) (end 9.398 9.398) (layer Dwgs.User) (width 0.1524))
    (fp_line (start -9.398 -9.398) (end 9.398 -9.398) (layer Dwgs.User) (width 0.1524))
    (fp_line (start -6.35 6.35) (end -6.35 -6.35) (layer Cmts.User) (width 0.1524))
    (fp_line (start 6.35 6.35) (end -6.35 6.35) (layer Cmts.User) (width 0.1524))
    (fp_line (start 6.35 -6.35) (end 6.35 6.35) (layer Cmts.User) (width 0.1524))
    (fp_line (start -6.35 -6.35) (end 6.35 -6.35) (layer Cmts.User) (width 0.1524))
    (pad 2 thru_hole oval (at 2.52 -4.79 356.1) (size 2.5 3.08) (drill oval 1.5 2.08) (layers *.Cu *.Mask F.SilkS)
      (net 8 "Net-(D2-Pad2)"))
    (pad 1 thru_hole oval (at -3.255 -3.52 327.5) (size 2.5 4.75) (drill oval 1.5 3.75) (layers *.Cu *.Mask F.SilkS)
      (net 16 /col1))
    (pad HOLE np_thru_hole circle (at 5.08 0) (size 1.7018 1.7018) (drill 1.7018) (layers *.Cu))
    (pad HOLE np_thru_hole circle (at -5.08 0) (size 1.7018 1.7018) (drill 1.7018) (layers *.Cu))
    (pad HOLE np_thru_hole circle (at 0 0) (size 3.9878 3.9878) (drill 3.9878) (layers *.Cu))
  )

  (module keebs.pretty:Mx_Alps_100 locked (layer F.Cu) (tedit 58057B75) (tstamp 5E517CAF)
    (at 153.41875 65.049201)
    (descr MXALPS)
    (tags MXALPS)
    (path /5E4D36F4)
    (fp_text reference K3 (at -0.09375 -3.286701) (layer B.SilkS)
      (effects (font (size 1 1) (thickness 0.2)) (justify mirror))
    )
    (fp_text value KEYSW (at 5.334 10.922) (layer B.SilkS) hide
      (effects (font (size 1.524 1.524) (thickness 0.3048)) (justify mirror))
    )
    (fp_line (start -6.35 -6.35) (end 6.35 -6.35) (layer Cmts.User) (width 0.1524))
    (fp_line (start 6.35 -6.35) (end 6.35 6.35) (layer Cmts.User) (width 0.1524))
    (fp_line (start 6.35 6.35) (end -6.35 6.35) (layer Cmts.User) (width 0.1524))
    (fp_line (start -6.35 6.35) (end -6.35 -6.35) (layer Cmts.User) (width 0.1524))
    (fp_line (start -9.398 -9.398) (end 9.398 -9.398) (layer Dwgs.User) (width 0.1524))
    (fp_line (start 9.398 -9.398) (end 9.398 9.398) (layer Dwgs.User) (width 0.1524))
    (fp_line (start 9.398 9.398) (end -9.398 9.398) (layer Dwgs.User) (width 0.1524))
    (fp_line (start -9.398 9.398) (end -9.398 -9.398) (layer Dwgs.User) (width 0.1524))
    (fp_line (start -6.35 -6.35) (end -4.572 -6.35) (layer F.SilkS) (width 0.381))
    (fp_line (start 4.572 -6.35) (end 6.35 -6.35) (layer F.SilkS) (width 0.381))
    (fp_line (start 6.35 -6.35) (end 6.35 -4.572) (layer F.SilkS) (width 0.381))
    (fp_line (start 6.35 4.572) (end 6.35 6.35) (layer F.SilkS) (width 0.381))
    (fp_line (start 6.35 6.35) (end 4.572 6.35) (layer F.SilkS) (width 0.381))
    (fp_line (start -4.572 6.35) (end -6.35 6.35) (layer F.SilkS) (width 0.381))
    (fp_line (start -6.35 6.35) (end -6.35 4.572) (layer F.SilkS) (width 0.381))
    (fp_line (start -6.35 -4.572) (end -6.35 -6.35) (layer F.SilkS) (width 0.381))
    (fp_line (start -6.985 -6.985) (end 6.985 -6.985) (layer Eco2.User) (width 0.1524))
    (fp_line (start 6.985 -6.985) (end 6.985 6.985) (layer Eco2.User) (width 0.1524))
    (fp_line (start 6.985 6.985) (end -6.985 6.985) (layer Eco2.User) (width 0.1524))
    (fp_line (start -6.985 6.985) (end -6.985 -6.985) (layer Eco2.User) (width 0.1524))
    (fp_line (start -7.75 6.4) (end -7.75 -6.4) (layer Dwgs.User) (width 0.3))
    (fp_line (start -7.75 6.4) (end 7.75 6.4) (layer Dwgs.User) (width 0.3))
    (fp_line (start 7.75 6.4) (end 7.75 -6.4) (layer Dwgs.User) (width 0.3))
    (fp_line (start 7.75 -6.4) (end -7.75 -6.4) (layer Dwgs.User) (width 0.3))
    (fp_line (start -7.62 -7.62) (end 7.62 -7.62) (layer Dwgs.User) (width 0.3))
    (fp_line (start 7.62 -7.62) (end 7.62 7.62) (layer Dwgs.User) (width 0.3))
    (fp_line (start 7.62 7.62) (end -7.62 7.62) (layer Dwgs.User) (width 0.3))
    (fp_line (start -7.62 7.62) (end -7.62 -7.62) (layer Dwgs.User) (width 0.3))
    (pad HOLE np_thru_hole circle (at 0 0) (size 3.9878 3.9878) (drill 3.9878) (layers *.Cu))
    (pad HOLE np_thru_hole circle (at -5.08 0) (size 1.7018 1.7018) (drill 1.7018) (layers *.Cu))
    (pad HOLE np_thru_hole circle (at 5.08 0) (size 1.7018 1.7018) (drill 1.7018) (layers *.Cu))
    (pad 1 thru_hole oval (at -3.255 -3.52 327.5) (size 2.5 4.75) (drill oval 1.5 3.75) (layers *.Cu *.Mask F.SilkS)
      (net 15 /col0))
    (pad 2 thru_hole oval (at 2.52 -4.79 356.1) (size 2.5 3.08) (drill oval 1.5 2.08) (layers *.Cu *.Mask F.SilkS)
      (net 10 "Net-(D3-Pad2)"))
  )

  (module keebs.pretty:Mx_Alps_100 locked (layer F.Cu) (tedit 58057B75) (tstamp 5E517CD4)
    (at 153.41875 84.075)
    (descr MXALPS)
    (tags MXALPS)
    (path /5E4D4E8E)
    (fp_text reference K4 (at -0.09375 -3.09375) (layer B.SilkS)
      (effects (font (size 1 1) (thickness 0.2)) (justify mirror))
    )
    (fp_text value KEYSW (at 5.334 10.922) (layer B.SilkS) hide
      (effects (font (size 1.524 1.524) (thickness 0.3048)) (justify mirror))
    )
    (fp_line (start -7.62 7.62) (end -7.62 -7.62) (layer Dwgs.User) (width 0.3))
    (fp_line (start 7.62 7.62) (end -7.62 7.62) (layer Dwgs.User) (width 0.3))
    (fp_line (start 7.62 -7.62) (end 7.62 7.62) (layer Dwgs.User) (width 0.3))
    (fp_line (start -7.62 -7.62) (end 7.62 -7.62) (layer Dwgs.User) (width 0.3))
    (fp_line (start 7.75 -6.4) (end -7.75 -6.4) (layer Dwgs.User) (width 0.3))
    (fp_line (start 7.75 6.4) (end 7.75 -6.4) (layer Dwgs.User) (width 0.3))
    (fp_line (start -7.75 6.4) (end 7.75 6.4) (layer Dwgs.User) (width 0.3))
    (fp_line (start -7.75 6.4) (end -7.75 -6.4) (layer Dwgs.User) (width 0.3))
    (fp_line (start -6.985 6.985) (end -6.985 -6.985) (layer Eco2.User) (width 0.1524))
    (fp_line (start 6.985 6.985) (end -6.985 6.985) (layer Eco2.User) (width 0.1524))
    (fp_line (start 6.985 -6.985) (end 6.985 6.985) (layer Eco2.User) (width 0.1524))
    (fp_line (start -6.985 -6.985) (end 6.985 -6.985) (layer Eco2.User) (width 0.1524))
    (fp_line (start -6.35 -4.572) (end -6.35 -6.35) (layer F.SilkS) (width 0.381))
    (fp_line (start -6.35 6.35) (end -6.35 4.572) (layer F.SilkS) (width 0.381))
    (fp_line (start -4.572 6.35) (end -6.35 6.35) (layer F.SilkS) (width 0.381))
